(Times are in nanoseconds)

Clever sort algorithm (merge + insertion):
	array of size 100
[1522200, 244800, 118600, 61200, 61900, 63200, 58200, 61300, 59800, 60000, 57700, 60600, 63600, 55900, 58600, 282900, 88000, 53900, 58300, 60000, 57000, 54800, 59200, 66500, 119000]
	array of size 1000
[2424900, 844900, 846200, 645800, 187200, 165700, 158100, 148200, 156800, 148400, 202500, 216700, 328600, 250700, 252000, 250200, 157800, 148200, 147700, 151200, 149700, 149800, 147100, 147600, 147100]
	array of size 10000
[9663400, 4323200, 3671000, 2772300, 1872200, 2056100, 1870400, 1853100, 2355500, 1861300, 1540000, 1006600, 1401300, 1056400, 1016300, 1003900, 1316100, 1173600, 1053000, 1035500, 1025900, 1011400, 1011300, 1113600, 1030900]
	array of size 100000
[34755300, 27768900, 25396200, 11515000, 11678900, 12036100, 12039900, 15297400, 15083800, 11756500, 11689700, 11721100, 14607500, 12301800, 13337100, 14106200, 14381800, 14302100, 14542500, 14288200, 14383700, 14073300, 14097400, 14385700, 14692300]
	onarray of size 1000000
[174170900, 171264700, 182254000, 177170400, 169305300, 148211100, 143908300, 143477400, 146602100, 143948800, 144762000, 142978800, 147391200, 143465400, 145391200, 146564800, 146433900, 144755600, 143381900, 146548000, 143630200, 144896400, 144808600, 147758100, 145663400]


Merge sort algorithm:
	array of size 30
[102100, 58100, 81200, 63900, 57800, 73100, 59100, 61600, 58900, 62900, 57900, 60000, 75400, 83300, 82500, 90300, 98600, 97600, 98300, 98000, 104700, 108200, 101100, 105600, 105700, 108600, 99500, 102000, 96100, 96400, 103200, 98600, 100000, 95000, 99200, 103900, 101000, 100000, 98100, 76300, 102300, 58200, 88900, 59500, 74600, 64600, 62700, 66200, 56700, 56700, 65300, 93300, 95700, 59100, 56100, 57400, 55300, 60400, 91900, 149900, 97800, 89900, 101400, 91500, 94100, 89600, 92600, 94000, 94800, 93600, 94000, 69500, 67200, 60500, 58400, 62200, 56600, 57600, 59000, 81600, 59300, 56300, 56000, 56000, 56200, 67300, 64800, 63700, 66000, 58800, 58600, 69500, 72700, 62300, 62900, 93800, 75200, 67700, 57400, 58300, 59400, 56800, 92200, 93100, 94700, 96200, 65200, 82000, 59000, 61700, 56400, 96100, 97400, 99200, 100600, 94600, 97600, 92200, 94400, 101600, 91900, 92900, 100200, 88800, 65000, 69000, 43600, 38900, 55200, 50000, 46700, 45000, 41200, 36600, 38300, 44600, 43100, 43100, 43300, 44100, 40500, 41500, 49300, 51000, 37100, 38000, 38600, 35400, 38300, 36300, 37900, 38300, 40400, 43600, 39100, 50100, 37700, 37000, 35500, 46400, 47200, 36000, 36000, 35400, 41100, 38000, 35500, 37000, 36600, 36600, 37900, 36400, 35200, 43300, 37900, 37000, 38700, 41600, 38200, 38300, 38400, 36600, 38900, 37500, 47700, 36600, 37200, 55100, 58900, 60100, 59800, 57200, 61100, 57600, 58000, 60000, 59400, 61600, 57200]
	array of size 100
[1587400, 306700, 241500, 214700, 87400, 35300, 30700, 28800, 25200, 28400, 25300, 32500, 28200, 36100, 32200, 28300, 30400, 25200, 25600, 24000, 28300, 28000, 20800, 20500, 16300]
	array of size 1000
[2038700, 375100, 220900, 216500, 217800, 218400, 226000, 222700, 254700, 255600, 228000, 230500, 237400, 227400, 224200, 220500, 251200, 218800, 216900, 219400, 224900, 223800, 219600, 218200, 215100]
	array of size 10000
[6675700, 4506800, 5356900, 5625400, 3284300, 3255600, 2788900, 2900100, 2500300, 2141700, 2235400, 2524400, 2470500, 2211400, 2382500, 6635500, 2177100, 1694300, 1900100, 1659800, 1646900, 1655800, 1952400, 1597700, 1594100]
	array of size 100000
[35218400, 23794600, 18913300, 20835200, 17979000, 14889900, 16177400, 19805300, 21028400, 19755000, 19881300, 19959100, 20773900, 21178100, 19890700, 19955800, 20633600, 20514700, 20552000, 19541800, 19917200, 19507000, 21106300, 20475300, 19558400]
	array of size 1000000
[235218600, 236381200, 204387100, 179848200, 172219900, 178636600, 174028100, 170385600, 173491100, 166645100, 166945600, 163479600, 166715700, 162288800, 165757100, 163102000, 163630500, 162956600, 166314200, 163089000, 168677300, 163487300, 163299200, 161701300, 163940700]


Selection sort algorithm:
	array of size 30
[636700, 492600, 624100, 679300, 571000, 513200, 670900, 543500, 556900, 456900, 138200, 138300, 136700, 135100, 131400, 137900, 137600, 136900, 135500, 138000, 146000, 136200, 133000, 136800, 134100, 134700, 138500, 178800, 174900, 170500, 64100, 52600, 72900, 58400, 58900, 60200, 70200, 71500, 76400, 79700, 76300, 79800, 54600, 48000, 53600, 56100, 62600, 69800, 67500, 54200, 40400, 62600, 64000, 57500, 37200, 36600, 36800, 36200, 38400, 43100, 36900, 37300, 52700, 38400, 37800, 38200, 37900, 38300, 37700, 37600, 37600, 37400, 37300, 38300, 37300, 37700, 38100, 36800, 38500, 38000, 37200, 39000, 37300, 37300, 35100, 35700, 36400, 36600, 35700, 35500, 36600, 40800, 40100, 43300, 50000, 43400, 43500, 43000, 43700, 43400, 43900, 36700, 52100, 35300, 34600, 36100, 35500, 36300, 36200, 35900, 57300, 65900, 71800, 75400, 78100, 81900, 60500, 59500, 57500, 60500, 58900, 56800, 91200, 83000, 83200, 82100, 84700, 85000, 57800, 60700, 50900, 54900, 35600, 35000, 35200, 36100, 35200, 34700, 34700, 35600, 35100, 34800, 35300, 35000, 35000, 35000, 35200, 51900, 40900, 41300, 41100, 40700, 41500, 41600, 40300, 62800, 70900, 37000, 37000, 36500, 36600, 37800, 36600, 36900, 36700, 49700, 81300, 68400, 64300, 47600, 39300, 38300, 38400, 38400, 38400, 55400, 37700, 37900, 38100, 38200, 38200, 37900, 37900, 37600, 37800, 37800, 38200, 41100, 35000, 35100, 34900, 36000, 35800, 34600, 35100, 34600, 35300, 34900, 35000]
	array of size 100
[1197100, 394600, 104600, 103000, 102300, 103100, 104200, 102600, 103100, 102100, 102500, 108300, 101800, 276200, 64300, 160600, 58700, 25600, 65300, 25300, 74300, 72800, 25200, 63200, 45200]
	array of size 1000
[6306000, 1026600, 2193600, 2258600, 429700, 416200, 424900, 409300, 415100, 413600, 414500, 413500, 414000, 412400, 416000, 486400, 410300, 414100, 428400, 402100, 400100, 400300, 398800, 401200, 397600]
	array of size 10000
[42954200, 33673800, 34377900, 33734000, 33270400, 34348000, 33295700, 33400200, 38546800, 33125600, 32890200, 32902600, 33172500, 33010900, 34014900, 39377600, 39277200, 40280200, 40216700, 39889500, 39585700, 39235600, 39284000, 39220100, 39318000]
	array of size 100000
[3298057700, 3288443600, 3224378700, 3214042300, 3211914700, 3227860300, 3212709100, 3226543300, 3213883300, 3199651500]


Insertion sort algorithm:
	on array of size 30
[1296700, 1182500, 398400, 347800, 279800, 277800, 341100, 344000, 312600, 240700, 158700, 157500, 159200, 156800, 159200, 159300, 162500, 160000, 157400, 159100, 160700, 167300, 160000, 200500, 165600, 163400, 52500, 51000, 49300, 49500, 50200, 50200, 48400, 49900, 51600, 52700, 49900, 52900, 51900, 50600, 48200, 50100, 49700, 48800, 46900, 53000, 49700, 50800, 53000, 53500, 49000, 49300, 50100, 50200, 50700, 51700, 49000, 49900, 49800, 52500, 50500, 48200, 48200, 52600, 53800, 50100, 50200, 50900, 51400, 48600, 47400, 56200, 49100, 51500, 50700, 49300, 51900, 48000, 53200, 52900, 52900, 54400, 48400, 47500, 46900, 49100, 54500, 49300, 50700, 49700, 51800, 52300, 53900, 51100, 48300, 54400, 51600, 48900, 51900, 51100, 49200, 49700, 49200, 49700, 51800, 48000, 53600, 52700, 49700, 51300, 52100, 52200, 49600, 54600, 56700, 51800, 48100, 50900, 52400, 50300, 50100, 51200, 49100, 51900, 54500, 50500, 50000, 50300, 49300, 52700, 47400, 49300, 51000, 49800, 52900, 50200, 51900, 52400, 50900, 45400, 52500, 49900, 50100, 53100, 46200, 48200, 47600, 46100, 51300, 50900, 48900, 50200, 50900, 49400, 49100, 53300, 50000, 50800, 50100, 48800, 48300, 53200, 47400, 51100, 51200, 51100, 48800, 51600, 49900, 50300, 52100, 52500, 48900, 49200, 48900, 48300, 50600, 49600, 50900, 50100, 52900, 50200, 47500, 48200, 49600, 51100, 53500, 49300, 52500, 52600, 49000, 53900, 49000, 50600, 54300, 49900, 49000, 50200, 51700]
	array of size 100
[1239400, 136300, 156600, 155700, 183100, 170400, 140000, 155000, 142300, 142400, 153700, 165600, 157600, 164900, 146900, 159200, 155600, 138700, 151400, 175700, 228300, 155500, 131100, 173400, 154500]
	array of size 1000
[8425800, 6993700, 563200, 571500, 555400, 561100, 578100, 553800, 545900, 561800, 557400, 557800, 543000, 541000, 525300, 561700, 587100, 598000, 550300, 555600, 560200, 557800, 576800, 550500, 552500]
	array of size 10000
[81848900, 71283900, 52928800, 53456300, 55943100, 52729100, 53200800, 53270500, 53061100, 52653400, 52947600, 52631400, 52695200, 52759300, 52739600, 53279900, 54102800, 52989100, 53424000, 57331100, 53567300, 55199800, 55554800, 56848600, 55950100]
	array of size 100000
[6919632500, 6897037900, 5286525700, 5321423100, 5301432500, 5294605200, 5307259600, 5306221700, 5300620900, 5285009200]


Bubble sort algorithm:
	on array of size 30
[1557700, 549900, 636000, 603800, 597300, 545100, 590100, 540500, 301200, 252000, 235100, 234800, 221500, 225600, 234300, 234800, 236400, 237700, 257600, 233400, 236900, 151800, 148800, 142900, 152900, 155200, 153300, 152800, 154500, 186200, 154600, 163900, 150100, 154300, 159600, 151700, 151900, 156300, 154700, 153300, 148900, 154200, 157100, 146100, 153000, 159400, 155200, 157400, 156500, 153000, 153100, 152100, 150600, 158500, 167400, 157600, 153200, 156900, 155000, 147900, 161600, 155900, 146700, 154700, 155200, 151800, 159200, 153100, 157000, 153900, 153300, 156100, 153200, 152100, 150400, 159100, 148900, 153800, 153900, 156100, 153300, 147700, 157900, 149400, 146200, 169000, 151300, 146600, 156900, 164700, 150300, 159100, 156200, 155300, 155700, 175800, 161800, 168500, 180200, 192700, 180800, 187300, 204600, 167600, 158300, 151200, 146900, 163800, 154300, 158100, 154900, 165900, 151600, 154300, 155300, 155400, 155200, 149900, 153300, 148500, 220300, 150500, 157200, 161000, 174700, 170700, 169700, 171200, 173000, 172700, 169800, 171100, 183800, 168700, 172000, 185400, 176700, 174400, 169500, 174800, 170100, 158300, 152700, 158300, 154900, 155500, 154800, 153300, 157700, 153100, 150800, 155600, 161000, 161300, 154900, 149700, 146400, 155800, 153000, 159900, 155800, 153800, 156700, 156600, 152200, 148100, 151400, 159700, 158300, 156600, 161600, 159900, 148700, 149000, 156400, 160200, 153200, 151300, 162600, 163000, 155700, 160900, 148500, 153000, 151300, 157000, 158000, 156100, 142000, 155700, 148700, 158400, 167300, 156700, 158400, 155400, 153100, 154500, 153300]
	array of size 100
[1253400, 196600, 251800, 254400, 210500, 237100, 194400, 203500, 217100, 259800, 162000, 184300, 233800, 149200, 46500, 100400, 84100, 54900, 110700, 69300, 118300, 60600, 29700, 70900, 46500]
	array of size 1000
[11743300, 4346000, 1651800, 1350900, 1344200, 1362100, 1468200, 1457800, 1397500, 1354500, 1462100, 1376200, 1424400, 1386700, 1446200, 1387300, 1402800, 1384700, 1420400, 1407300, 1373300, 1410900, 1420300, 1472600, 1426800]
	array of size 10000
[156978700, 141756600, 203855000, 141684800, 140099200, 148076200, 131949700, 132123500, 129565100, 169667800, 171185800, 169225800, 170639200, 171566800, 171520100, 170936200, 172154500, 170659200, 169764800, 169299000, 173326400, 171169500, 170093500, 171835200, 171747100]
	array of size 100000
[20824059500, 20777597800, 20101677000] 
