Array size = 1 million
----------------------

(range of numbers is between 0 and 9 999 999)
_____________________________________________
-Merge 
[126, 127, 124, 129, 124, 127, 123, 125, 122, 124, 123, 124, 123, 124, 122, 125, 123, 124, 123, 125, 123, 126, 125, 125, 122, 125, 126, 127, 129, 129, 125, 127, 124, 125, 126, 125, 124, 127, 125, 127, 126, 129, 125, 124, 123, 125, 124, 125, 124, 126] 

-Merge-Insertion 
[93, 88, 91, 93, 92, 93, 90, 95, 92, 90, 96, 92, 92, 91, 91, 93, 90, 96, 97, 95, 93, 90, 91, 94, 92, 92, 94, 95, 100, 96, 89, 89, 90, 94, 89, 94, 94, 98, 96, 93, 91, 93, 90, 92, 97, 92, 93, 93, 95, 93]

-Quick 
[71, 70, 70, 70, 71, 69, 69, 70, 72, 69, 69, 69, 69, 69, 69, 70, 71, 70, 69, 69, 69, 70, 69, 70, 70, 70, 69, 69, 71, 68, 69, 68, 69, 69, 71, 68, 70, 69, 69, 69, 69, 69, 69, 68, 69, 69, 69, 70, 69, 69]

-Quick-Insertion 
[69, 69, 68, 68, 68, 68, 68, 68, 69, 67, 70, 68, 69, 67, 68, 68, 68, 66, 67, 67, 67, 68, 67, 68, 69, 68, 68, 69, 67, 66, 66, 65, 67, 66, 67, 69, 67, 68, 67, 67, 67, 68, 68, 67, 67, 68, 67, 68, 67, 67]

-Heap 
[121, 124, 120, 121, 120, 119, 119, 120, 121, 119, 118, 120, 121, 117, 119, 119, 119, 119, 118, 120, 119, 119, 119, 119, 119, 118, 119, 118, 119, 117, 119, 118, 121, 120, 119, 118, 119, 118, 119, 119, 120, 130, 119, 118, 119, 119, 119, 120, 121, 119]

-Radix 
[83, 80, 78, 80, 78, 90, 77, 77, 81, 79, 78, 78, 75, 79, 75, 75, 74, 74, 75, 71, 76, 78, 78, 72, 74, 76, 74, 73, 74, 78, 74, 72, 76, 76, 77, 72, 75, 74, 76, 71, 75, 75, 75, 72, 76, 76, 77, 74, 76, 75]

merge average: 125 ns
merge-insertion average: 92 ns
quick average: 69 ns
quick-insertion average: 67 ns
heap average: 119 ns
radix average: 76 ns


(range of numbers is between 0 and 99 999)
__________________________________________

-Merge
[114, 115, 116, 113, 114, 111, 114, 111, 113, 110, 113, 112, 114, 113, 115, 115, 115, 112, 116, 113, 116, 114, 115, 113, 115, 113, 121, 117, 116, 113, 113, 113, 115, 112, 114, 113, 114, 112, 114, 113, 115, 113, 114, 111, 114, 113, 113, 111, 112, 113]

-Merge-insertion
[95, 96, 93, 90, 94, 94, 92, 95, 95, 91, 92, 97, 94, 96, 96, 92, 93, 93, 91, 94, 109, 96, 94, 99, 94, 93, 98, 92, 94, 93, 93, 92, 96, 91, 91, 96, 102, 93, 96, 92, 90, 95, 92, 95, 96, 94, 94, 93, 93, 93]

-Quick
[70, 69, 67, 64, 69, 66, 65, 66, 65, 64, 65, 65, 65, 65, 65, 65, 65, 66, 68, 65, 65, 66, 65, 66, 65, 66, 65, 64, 66, 65, 66, 65, 67, 65, 66, 74, 66, 68, 65, 65, 65, 66, 65, 65, 65, 66, 66, 66, 72, 70]

-Quick-insertion
[66, 66, 64, 63, 62, 64, 63, 63, 62, 62, 71, 65, 66, 64, 64, 62, 62, 62, 62, 61, 64, 62, 61, 60, 61, 61, 61, 62, 61, 61, 61, 63, 63, 62, 63, 63, 62, 62, 62, 62, 62, 62, 62, 63, 62, 62, 61, 61, 64, 65]

-Heap
[121, 124, 121, 125, 124, 123, 123, 122, 121, 118, 119, 117, 118, 118, 125, 120, 119, 118, 118, 119, 121, 120, 126, 129, 126, 120, 118, 119, 119, 118, 121, 120, 118, 118, 119, 118, 118, 118, 123, 120, 118, 129, 119, 118, 121, 119, 120, 122, 119, 119]

-Radix
[62, 57, 57, 56, 57, 57, 56, 64, 56, 56, 53, 61, 56, 56, 58, 56, 55, 51, 54, 56, 53, 53, 57, 53, 52, 54, 56, 53, 52, 54, 56, 52, 54, 54, 55, 54, 51, 52, 56, 53, 52, 51, 55, 54, 53, 54, 53, 53, 54, 54]

merge average: 113 ns
merge-insertion average: 94 ns
quick average: 66 ns
quick-insertion average: 62 ns
heap average: 120 ns
radix average: 54 ns


